0.0012610920053412941
 0.00042084458605176232
 0.00079459342316653676
 0.0076995099181048753
 0.00041098625866516054
 0.00053759624694291641
 0.00077711176362054845
 0.00039910875578973723
 0.00045709891688739139
 0.00071080298336565883
 0.00039910875578973723
 0.00039910875578973723
 0.00034111859469208308
 0.00039910875578973723
 0.00073487867967443458
 0.00041098625866516054
 0.0011292967611078871
 0.00039910875578973723
 0.00039910875578973723
 0.00034111859469208308
 0.00062588354241290337
 0.00039910875578973723
 0.00046695724427399258
 0.00039910875578973723
 0.00040896708317633842
 0.00060556088722675202
 0.00039910875578973723
 0.00062741415549501885
 0.00046695724427399258
 0.00039910875578973723
 0.00040896708317633842
 0.00039910875578973723
 0.00039910875578973723
 0.00039910875578973723
 0.00070302195688106697
 0.00039910875578973723
 0.00034111859469208308
 0.00034111859469208308
 0.00041098625866516054
 0.00048616573301511089
 0.00055821553659707302
 0.00062338846601054461
 0.00056922316814799422
 0.00044183160740863994
 0.00045748565615432308
 0.00052403813133439106
 0.00039910875578973723
 0.00039910875578973723
 0.00044821698153363066
 0.0014356756371242695
 0.00044089012513194679
 0.00047070221077890185
 0.00039910875578973723
 0.00034111859469208308
 0.00051173555157724019
 0.00039910875578973723
 0.00060947354287188549
 0.00039910875578973723
 0.00039910875578973723
 0.00042113797052449652
 0.00039910875578973723
 0.00045709891688739139
 0.0010791900508744193
 0.0012349625368336529
 0.00039910875578973723
 0.002333334150926695
 0.00039910875578973723
 0.00049100563449757371
 0.00052494740537164673
 0.0033463280579431867
 0.0045451706808414035
 0.00039910875578973723
 0.00050386372439784088
 0.00041098625866516113
 0.00034111859469208308
 0.00051508907798504555
 0.0004872920517803875
 0.00041098625866516043
 0.00034111859469208308
 0.00042286376154058363
 0.00060964635939326681
 0.00045962840865353843
 0.00053936487051100212
 0.00041098625866516054
 0.00059242939182498977
 0.0019826364814421213
 0.0011425145653207343
 0.00039910875578973723
 0.00039910875578973723
 0.00040896708317633842
 0.0011309597621180889
 0.00034111859469208308
 0.00034111859469208308
 0.00098617790050147761
 0.00034111859469208308
 0.00052101181753514705
 0.00034111859469208308
 0.00063492687320007579
 0.00041098625866516054
 0.0033385773171097041
 0.00049530295452912651
 0.00048085392263823865
 0.00051081857384970507
 0.00049530295452912651
 0.00039910875578973723
 0.00039910875578973723
 0.00034111859469208308
 0.00041098625866516113
 0.00063959576433572228
 0.00039910875578973723
 0.00034111859469208308
 0.00041098625866516043
 0.0007500462880238013
 0.00042113797052449652
 0.00034111859469208308
 0.00053480573275824781
 0.00044777301806222668
 0.00056816640394074841
 0.00045374538997432321
 0.0009189966030286943
 0.00062268541256555994
 0.0004127120496812477
 0.0009984509915696568
 0.00045709891688739139
 0.00039910875578973723
 0.0005968048952635646
 0.00034111859469208308
 0.00093060250308540145
 0.0011755033697634647
 0.00049316858544628996
 0.00039910875578973723
 0.00045709891688739139
 0.00066160069824669314
 0.0068746720480351055
 0.00039910875578973723
 0.00062324247050277171
 0.00034111859469208308
 0.0004904334363144727
 0.00050784492391946657
 0.00034111859469208308
 0.00056386720861012918
 0.00052733244742497005
 0.00045709891688739139
 0.00039910875578973723
 0.00039910875578973723
 0.00039910875578973723
 0.00042417566917056
 0.00061869832994035064
 0.00065335638849841433
 0.0057194236484663522
 0.0037340135895189302
 0.00034111859469208308
 0.00041098625866516113
 0.00034111859469208308
 0.00034111859469208308
 0.00039910875578973723
 0.0029013644190063717
 0.00050782654607684744
 0.0006335677250022217
 0.00039910875578973723
 0.00045742824887962867
 0.00034111859469208308
 0.00069877397969530651
 0.00059964549918644077
 0.00069798943045858044
 0.00088343724485726103
 0.00040896708317633842
 0.0012880081514920314
 0.0013709001442027656
 0.00047464013788218925
 0.00034111859469208308
 0.00043361456812467076
 0.00051747168738852905
 0.00034111859469208308
 0.00071619607292706629
 0.00041064299883206059
 0.00040896708317633842
 0.00042034486545785492
 0.00042745223175839236
 0.00034111859469208308
 0.00039910875578973723
 0.00054975836009758274
 0.00039910875578973723
 0.00047070221077890229
 0.00046695724427399258
 0.00039910875578973723
 0.00039910875578973723
 0.00039910875578973723
 0.00040896708317633842
 0.0056607415337299816
 0.00034111859469208308
 0.0005189667978702648
 0.00039910875578973723
 0.00071592449838709391
 0.00057281376441013776
 0.00045141225826820657
 0.00057380712048793307
 0.00045709891688739139
 0.000562892473959485
 0.00046695724427399258
 0.00034111859469208308
 0.00045709891688739139
 0.00039910875578973723
 0.00064782144285987749
 0.00041098625866516043
 0.00039910875578973723
 0.00041098625866516054
 0.00034111859469208308
 0.00062231504160048133
 0.00039910875578973723
 0.0009236969701800383
 0.00059508608921508875
 0.00040896708317633842
 0.00073778540034962121
 0.00046603688685748141
 0.00045709891688739139
 0.00039910875578973723
 0.00075047412662669578
 0.00034111859469208308
 0.00049832050422817453
 0.00039910875578973723
 0.00034111859469208308
 0.00034111859469208308
 0.00039910875578973723
 0.00047883474714941648
 0.00039910875578973723
 0.00034111859469208308
 0.00039910875578973723
 0.00044183160740863994
 0.00039910875578973723
 0.00059242939182498977
 0.00048257971365432478
 0.00082394410921665662
 0.00034111859469208308
 0.00058205160969096242
 0.00068414672613605673
 0.00034111859469208308
 0.0010710689415384888
 0.00041429037770301556
 0.00092359765799033535
 0.0008139746150199116
 0.00039910875578973723
 0.00039910875578973723
 0.00080609238368043129
 0.00079784815942977611
 0.00091845011082202605
 0.00034111859469208308
 0.00039910875578973723
 0.00052531176105028799
 0.00041098625866516113
 0.00034111859469208308
 0.00039910875578973723
 0.00043517842434863581
 0.00042602994387379046
 0.00051508907798504555
 0.0008797759714630314
 0.00039910875578973723
 0.00089083118236431291
 0.0015212661534164851
 0.00046862646365612937
 0.00041098625866516113
 0.00094844659160105138
 0.00056260144093690019
 0.00055446655311622447
 0.00039910875578973723
 0.00039910875578973723
 0.0019507429573775437
 0.0011808122936374161
 0.0011181542735022776
 0.00034111859469208308
 0.00050490231286181902
 0.00034111859469208308
 0.00048875527185198223
 0.0007645330602559804
 0.00039910875578973723
 0.00039910875578973723
 0.0020343747180918245
 0.00034111859469208308
 0.00052494740537164673
 0.00066907121893512917
 0.0036407310944998159
 0.00045709891688739139
 0.00034111859469208308
 0.00068072463390200615
 0.00042908878154813301
 0.00039910875578973723
 0.00039910875578973723
 0.00048471033959314387
 0.00040896708317633842
 0.0015313367935178182
 0.00039910875578973723
 0.00065305633963608385
 0.0016549989040835517
 0.00039910875578973723
 0.0026304937942726223
 0.00034111859469208308
 0.00040896708317633842
 0.00039910875578973723
 0.00041098625866516054
 0.00096024384367211855
 0.0015167340223884455
 0.00055329088134030186
 0.00076406971425283746
 0.0005694084618852181
 0.00049363686318119556
 0.00034111859469208308
 0.00039910875578973723
 0.00039910875578973723
 0.00069800268198251482
 0.0027159562142376522
 0.0004245895525566716
 0.00048257971365432575
 0.00049100563449757371
 0.00039910875578973723
 0.00039910875578973723
 0.00041098625866516054
 0.00039910875578973723
 0.00047070221077890185
 0.00045709891688739139
 0.0004831687687833263
 0.00050028951489430548
 0.00047464013788218925
 0.00044067763006271603
 0.0007007728219208813
 0.00041098625866516054
 0.00042113797052449641
 0.00042351935242291753
 0.00054830079711776615
 0.00045709891688739139
 0.00034111859469208308
 0.0012746511229244474
 0.00089422423982071092
 0.00034111859469208308
 0.00077217063680309081
 0.00041098625866516043
 0.00072031045909353364
 0.00039910875578973723
 0.00039910875578973723
 0.00034111859469208308
 0.00039910875578973723
 0.00034111859469208308
 0.00041098625866516054
 0.00056687187058186153
 0.00039910875578973723
 0.011926531355493935
 0.00034111859469208308
 0.00034111859469208308
 0.00044821698153363066
 0.00044629731078194273
 0.00039910875578973723
 0.00048293318892268154
 0.00034111859469208308
 0.00039910875578973723
 0.00039910875578973723
 0.00042246214753585682
 0.00039910875578973723
 0.00058647946962348874
 0.00034111859469208308
 0.00072503918553794137
 0.0026067829113661949
 0.00034111859469208308
 0.00040896708317633842
 0.0034405994588180585
 0.0012590799017479874
 0.00051989944482253101
 0.00054757072612909787
 0.00039910875578973723
 0.00055769565741084362
 0.00048085392263823794
 0.00069743920679746164
 0.00039910875578973723
 0.00062998950952387325
 0.0015379371612732262
 0.00034111859469208308
 0.0010517392481196825
 0.0013960008748424469
 0.00034111859469208308
 0.00045559694125983652
 0.0005574174331300488
 0.00045709891688739139
 0.00040896708317633842
 0.00090867673860073263
 0.00041271204968124753
 0.00034111859469208308
 0.00047464013788218925
 0.00039910875578973723
 0.00039910875578973723
 0.00039910875578973723
 0.00042113797052449652
 0.00039910875578973723
 0.00042795775224653294
 0.00034111859469208308
 0.00061964940854527899
 0.00034111859469208308
 0.00039910875578973723
 0.00073424746330602228
 0.00039910875578973723
 0.00034111859469208308
 0.00080728547799347632
 0.00047104547061200207
 0.00039910875578973723
 0.00034111859469208308
 0.00070867214746463591
 0.00042908878154813301
 0.00039910875578973723
 0.00042113797052449641
 0.00040896708317633842
 0.00078018803531662833
 0.00067823615184895195
 0.00051433493453867548
 0.00039910875578973723
 0.00034111859469208308
 0.0026838865728069216
 0.00055488011918020162
 0.00034111859469208308
 0.0020433299330325718
 0.00034111859469208308
 0.00059937692040021957
 0.00034111859469208308
 0.00051508907798504555
 0.0038174777171504594
 0.00039910875578973723
 0.0005269665808604688
 0.00055072158661131519
 0.00045709891688739139
 0.00043381333156888917
 0.00041098625866516043
 0.00041889115623831798
 0.00039910875578973723
 0.0017255330203947623
 0.00049574945171793289
 0.00039910875578973723
 0.00040896708317633842
 0.0012990048689208989
 0.0011648891527207509
 0.0072053194679814643
 0.0016796054595369404
 0.00039910875578973723
 0.00074790648874067858
 0.00040896708317633842
 0.00039910875578973723
 0.0009069668223560004
 0.00034111859469208308
 0.00063764628358053521
 0.00039910875578973723
 0.00052758706227429991
 0.00045962840865353843
 0.00041098625866516043
 0.00034111859469208308
 0.00040896708317633842
 0.00056259908948673931
 0.00053480573275824792
 0.00062821626776076052
 0.00054997671277348843
 0.00069175442516622356
 0.0007167222701372338
 0.00039910875578973723
 0.00055586111578861291
 0.00088550430471148723
 0.00039910875578973723
 0.00053888384189214788
 0.0009438633912438306
 0.00042180741813205525
 0.00034111859469208308
 0.00034111859469208308
 0.00039910875578973723
 0.00034111859469208308
 0.00041098625866516043
 0.00041558977321197303
 0.00039910875578973723
 0.00039910875578973723
 0.0016004913739647172
 0.00042376683061590105
 0.00055550423560010319
 0.00046695724427399258
 0.00039910875578973723
 0.00039910875578973723
 0.00034111859469208308
 0.00053418037198174097
 0.00057372156077813922
 0.00039910875578973723
 0.0016759959937983559
 0.00067119228936373917
 0.00044593190062881604
 0.00040896708317633842
 0.00034111859469208308
 0.00039910875578973723
 0.00042950150031191331
 0.00041098625866516054
 0.00034111859469208308
 0.00055329311559025737
 0.00043564670208354146
 0.00064618798152975558
 0.00041514479123404686
 0.00041098625866516054
 0.00051508907798504555
 0.00039910875578973723
 0.00039910875578973723
 0.0034588823023622055
 0.00034111859469208308
 0.00034111859469208308
 0.00041271204968124753
 0.0021303991444787734
 0.00039910875578973723
 0.00081463229362433256
 0.00048174193156385621
 0.00040896708317633842
 0.00034111859469208308
 0.00039910875578973723
 0.00075205764537340542
 0.00034111859469208308
 0.00052986069507170608
 0.0005787553065222887
 0.0014953659485408143
 0.00054165533808878661
 0.00034111859469208308
 0.0020143881650377493
 0.00060912531377320021
 0.00040896708317633842
 0.00041098625866516054
 0.00076421336903901801
 0.00052458090334073432
 0.00039910875578973723
 0.0019262931646417036
 0.00034111859469208308
 0.00034111859469208308
 0.00061331912241981558
 0.0006859186300276379
 0.00034111859469208308
 0.00097162439102147305
 0.00039910875578973723
 0.0038124390619532112
 0.00039910875578973723
 0.00039910875578973723
 0.00034111859469208308
 0.00061703901334633846
 0.00039910875578973723
 0.00042315714601331842
 0.00052900060721271962
 0.00046222331314233497
 0.00044183159130233132
 0.00066251056048376546
 0.00034111859469208308
 0.00082779860896290986
 0.00039910875578973723
 0.00044264468808264247
 0.00041098625866516054
 0.00087323735266888435
 0.00039910875578973723
 0.00055550423560010319
 0.00040896708317633842
 0.00039910875578973723
 0.00034111859469208308
 0.00058293756646930089
 0.00071080298336565883
 0.0005148236033124836
 0.00039910875578973723
 0.00056746457259233525
 0.00041098625866516054
 0.00034111859469208308
 0.00064878605437846662
 0.00039910875578973723
 0.00073778540034962121
 0.00091114157565655093
 0.00034111859469208308
 0.00039910875578973723
 0.00081965610260241451
 0.00138650674648746
 0.00039910875578973723
 0.00075720682884280164
 0.00034111859469208308
 0.00042286376154058444
 0.00039910875578973723
 0.00034111859469208308
 0.00039910875578973723
 0.0054253753101144025
 0.00034111859469208308
 0.00039910875578973723
 0.00039910875578973723
 0.00044144139424317011
 0.00042113797052449652
 0.00039910875578973723
 0.00042517860768567214
 0.00034111859469208308
 0.00046695724427399258
 0.0004599101712402852
 0.00034111859469208308
 0.00041064299883206059
 0.00058689135552500698
 0.0007856400408590671
 0.00034111859469208308
 0.00034111859469208308
 0.00034111859469208308
 0.00044010640275500676
 0.00040896708317633842
 0.00040896708317633842
 0.00041064299883206059
 0.00034111859469208308
 0.0016534680073261249
 0.00039910875578973723
 0.00034111859469208308
 0.00034111859469208308
 0.00041098625866516054
 0.0023320158796001247
 0.00041098625866516043
 0.00046897641976281448
 0.0014625448326823878
 0.00043806575596624643
 0.0013276422447877291
 0.00039910875578973723
 0.00041098625866516054
 0.00042695198787859231
 0.00042180741813205525
 0.00046897641976281469
 0.00039910875578973723
 0.00048336231112728294
 0.00049516416706650698
 0.00034111859469208308
 0.00039910875578973723
 0.00034111859469208308
 0.00039910875578973723
 0.00057157726345514483
 0.00034111859469208308
 0.00040896708317633842
 0.00039910875578973723
 0.00034111859469208308
 0.00058412661868897811
 0.00034111859469208308
 0.00049285602517851743
 0.0017519923414173486
 0.00041098625866516054
 0.00039910875578973723
 0.00034111859469208308
 0.00090324980018079691
 0.00047849148731631599
 0.00039910875578973723
 0.00050549478611604584
 0.00039910875578973723
 0.00039910875578973723
 0.0010155185107779715
 0.0023549660999357958
 0.0005511268765592581
 0.00039910875578973723
 0.00034111859469208308
 0.00050496527592588242
 0.00039910875578973723
 0.00040896708317633842
 0.00040896708317633842
 0.00039910875578973723
 0.0015738515605741282
 0.00042113797052449652
 0.00049249906477856237
 0.00034111859469208308
 0.00039910875578973723
 0.00045709891688739139
 0.00044305832955377801
 0.00055558458454437235
 0.00039910875578973723
 0.00045709891688739139
 0.00039910875578973723
 0.0015006214563679085
 0.00034111859469208308
 0.0015380532635150932
 0.00042868373794954079
 0.00044629731078194273
 0.00047681557166059371
 0.00039910875578973723
 0.00039910875578973723
 0.00051364595484616597
 0.0014770248118442183
 0.00034111859469208308
 0.0010719490789445829
 0.0028609626075153578
 0.00034111859469208308
 0.00034111859469208308
 0.00045963789078265797
 0.0012810031055348297
 0.00057027741924505014
 0.00051241355951724056
 0.00034111859469208308
 0.00050302691283289115
 0.0040743259357886559
 0.00069303829290177043
 0.00034111859469208308
 0.0012017624149441341
 0.00040896708317633842
 0.00039910875578973723
 0.00034111859469208308
 0.00098006148191040064
 0.0019926432672517495
 0.00047681557166059382
 0.00039910875578973723
 0.00039910875578973723
 0.00039910875578973723
 0.0008319375859679218
 0.00034111859469208308
 0.0014318824997569405
 0.00046695724427399258
 0.00039910875578973723
 0.0014100788972170961
 0.00089047145943280733
 0.00040896708317633842
 0.0067841722694718595
 0.00049475060100248288
 0.00043544821495271731
 0.00041098625866516043
 0.0007854341413819038
 0.00051508907798504555
 0.00041098625866516054
 0.00056816640394074841
 0.00064263971478993468
 0.00067360127639425331
 0.00039910875578973723
 0.00039910875578973723
 0.00046897641976281459
 0.00040896708317633842
 0.00051375674152433833
 0.00034111859469208308
 0.00039910875578973723
 0.00039910875578973723
 0.0004665421127515187
 0.00034111859469208308
 0.00069178109156883057
 0.00042050132621866183
 0.00034111859469208308
 0.00070346309446762349
 0.0007854208422939877
 0.00039910875578973723
 0.00042180741813205525
 0.0019722058131158519
 0.00060042927890981449
 0.00039910875578973723
 0.00039910875578973723
 0.00039910875578973723
 0.00040896708317633842
 0.00039910875578973723
 0.0009204449005020839
 0.00092707499806528044
 0.0018309905413201812
 0.00044821681131114157
 0.00039910875578973723
 0.00039910875578973723
 0.00034111859469208308
 0.00039910875578973723
 0.00066475469261067567
 0.00042084458605176232
 0.00045709891688739139
 0.00034111859469208308
 0.00049068050984079844
 0.0011161084543044634
 0.00069717079804658866
 0.00039910875578973723
 0.0016216766570589765
 0.00034111859469208308
 0.00067340203863378674
 0.00045709891688739139
 0.00047724719722278908
 0.00039910875578973723
 0.00056492409063619361
 0.00041429037770301556
 0.00044951846290437671
 0.0033613382942884748
 0.00042315714601331842
 0.00039910875578973723
 0.00034111859469208308
 0.00041098625866516043
 0.00039910875578973723
 0.00040896708317633842
 0.00041098625866516043
 0.0055348174084407275
 0.00051991426687242911
 0.00039910875578973723
 0.00034111859469208308
 0.00039910875578973723
 0.00034111859469208308
 0.00039910875578973723
 0.00055142853714802568
 0.00042286376154058444
 0.00041882541056293966
 0.00050490231286181902
 0.00099015187595708322
 0.00042695198787859231
 0.00084402841157995754
 0.00077306886690126509
 0.00041882541056293966
 0.00073481348160205117
 0.00044305832955377801
 0.00039910875578973723
 0.00034111859469208308
 0.00041098625866516043
 0.00034111859469208308
 0.00034111859469208308
 0.00041098625866516113
 0.00049947779879035527
 0.00044183159130233132
 0.0048258663850266345
 0.00039910875578973723
 0.00071881238380746236
 0.00051516156004252211
 0.00046287192708968443
 0.00058564112224384929
 0.00034111859469208308
 0.00039910875578973723
 0.00034111859469208308
 0.00059313958359062733
 0.00039910875578973723
 0.00039910875578973723
 0.00045709891688739139
 0.00078874053425908198
 0.0022365204220571302
 0.00034111859469208308
 0.0005063468836045415
 0.0005625990894867392
 0.00048094348272693634
 0.0050600120183691907
 0.00034111859469208308
 0.00039910875578973723
 0.00059921790805714324
 0.00034111859469208308
 0.00083916474111466138
 0.00074600100191457618
 0.00039910875578973723
 0.00039910875578973723
 0.00048819523811658371
 0.00039910875578973723
 0.0013766406955457511
 0.00041882541056293966
 0.00041098625866516043
 0.00050157537120353436
 0.00048114730711097258
 0.00070867208550108953
 0.00052135191437015899
 0.00040896708317633842
 0.0006257885076008425
 0.00050129498246525986
 0.0010758926701298021
 0.00034111859469208308
 0.0014210872438418045
 0.00034111859469208308
 0.00039910875578973723
 0.00063932415189449463
 0.00034111859469208308
 0.00042395824349474894
 0.00039910875578973723
 0.00034111859469208308
 0.00039910875578973723
 0.00047070221077890185
 0.00034111859469208308
 0.00039910875578973723
 0.00072136396759708377
 0.0012253608826828276
 0.00066031097746809301
 0.00039910875578973723
 0.00041098625866516054
 0.00041616363171342196
 0.00082249868506344267
 0.00034111859469208308
 0.00039910875578973723
 0.00041098625866516032
 0.00034111859469208308
 0.00040896708317633842
 0.0014021604384769496
 0.00046159284922726829
 0.0023667988194355201
 0.00039910875578973723
 0.0018041201575515139
 0.00098314422489891571
 0.00039910875578973723
 0.00034111859469208308
 0.00059013411500638449
 0.00046897641976281448
 0.00053309904408042387
 0.00034111859469208308
 0.00082500540013388725
 0.00042113797052449652
 0.00039910875578973723
 0.00039910875578973723
 0.00039910875578973723
 0.00034111859469208308
 0.00055210061630649339
 0.00039910875578973723
 0.00041098625866516032
 0.00039910875578973723
 0.00034111859469208308
 0.00039910875578973723
 0.00044006736833954668
 0.00044691215176416492
 0.00050629474116573351
 0.00039910875578973723
 0.00044601522696096062
 0.0022997901322245715
 0.00039910875578973723
 0.00041305530951434716
 0.00045359071339402097
 0.0014534068185439483
 0.00065311011063403561
 0.00039910875578973723
 0.00034111859469208308
 0.00042113797052449641
 0.0020404942632093474
 0.00042868373794954079
 0.0014598498899678076
 0.00039910875578973723
 0.00039910875578973723
 0.00039910875578973723
 0.00040896708317633842
 0.00039910875578973723
 0.00055329311559025737
 0.00040896708317633842
 0.0041149563527241688
 0.00034111859469208308
 0.00087830899732881671
 0.0024639385910198777
 0.00054526315733020359
 0.00044042011986920935
 0.00062656192395148475
 0.00039910875578973723
 0.00034111859469208308
 0.00053319464661378115
 0.00051054524944661468
 0.00039910875578973723
 0.00055760853412004823
 0.00099684121802407887
 0.00042868373794954079
 0.00041882541056293966
 0.0071446437312483405
 0.00039910875578973723
 0.002111870313213944
 0.00039910875578973723
 0.00046695724427399258
 0.00039910875578973723
 0.00092445893251242803
 0.00039910875578973723
 0.0022126231418404846
 0.0012783649784656043
 0.00068550066161172452
 0.00034111859469208308
 0.00039910875578973723
 0.00034111859469208308
 0.0033123562065715336
 0.00034111859469208308
 0.00034111859469208308
 0.00045709891688739139
 0.00044629731078194273
 0.00039910875578973723
 0.00041098625866516043
 0.00034111859469208308
 0.00041098625866516054
 0.00034111859469208308
 0.00044697511482822826
 0.00047849148731631588
 0.0004987213443631807
 0.00039910875578973723
 0.00034111859469208308
 0.00039910875578973723
 0.00034111859469208308
 0.00041098625866516032
 0.00045709891688739139
 0.00056503183103954471
 0.00043497569946418697
 0.00063289482450794537
 0.00041098625866516054
 0.001038898330450479
 0.00039910875578973723
 0.00041098625866516043
 0.00050772904661685117
 0.00039910875578973723
 0.00048607750446069437
 0.00051872527053320211
 0.00039910875578973723
 0.00034111859469208308
 0.00053914975065461079
 0.00049446938072911846
 0.00041514479123404507
 0.00089255243744526373
 0.00048729205178038153
 0.00039910875578973723
 0.00042869605989931181
 0.00058702579280730963
 0.00055604769053485493
 0.00042868373794954079
 0.00065574982929378725
 0.00062390582612759462
 0.00045559694125982682
 0.00039910875578973723
 0.00067986795012488048
 0.00041098625866516043
 0.00041098625866516054
 0.0013618898310005327
 0.00055760853412004823
 0.0017540637816546131
 0.00034111859469208308
 0.00042868373794954079
 0.0012806309234459983
 0.0011181469306330233
 0.00056847468193046882
 0.0010088647203539813
 0.00040896708317633842
 0.00041098625866516043
 0.00077065241522487004
 0.0006854641100225424
 0.00041098625866516043
 0.00039910875578973723
 0.00034111859469208308
 0.00039910875578973723
 0.0010606621022368351
 0.00049273142551366082
 0.00042355663390190992
 0.00039910875578973723
 0.00039910875578973723
 0.00060221619661704343
 0.00043174543218575515
 0.0017999027375694115
 0.00047520448551612699
 0.00048085392263823784
 0.00039910875578973723
 0.00039910875578973723
 0.00041064299883206059
 0.00087278904717308186
 0.00034111859469208308
 0.00034111859469208308
 0.00085321846072369302
 0.0014302070548054789
 0.00068697105631404726
 0.00075575474402683935
 0.00043481016370715704
 0.00034111859469208308
 0.00039910875578973723
 0.00039910875578973723
 0.00034111859469208308
 0.00074841761339984429
 0.00058184605574020597
 0.00039910875578973723
 0.00040896708317633842
 0.00048085392263823859
 0.00051158087449167512
 0.00046695724427399258
 0.00050129498246525986
 0.00045709891688739139
 0.00034111859469208308
 0.00040896708317633842
 0.00044305832955377801
 0.0060564796477803259
 0.00034111859469208308
 0.00069541029318983193
 0.0016949532752465134
 0.00062734994274112304
 0.00054633997580057127
 0.00050947441149467925
 0.0027869369848937545
 0.00034111859469208308
 0.00039910875578973723
 0.00039910875578973723
 0.00059721231406211417
 0.00034111859469208308
 0.00094044028150782537
 0.0017953676853672545
 0.00055821334116085413
 0.00034111859469208308
 0.00048085392263823778
 0.00034111859469208308
 0.00039910875578973723
 0.00041098625866516054
 0.00039910875578973723
 0.00042315714601331842
 0.00039910875578973723
 0.00034111859469208308
 0.00039910875578973723
 0.00034111859469208308
 0.00039910875578973723
 0.00039910875578973723
 0.00040896708317633842
 0.0006470563030092991
 0.00045709891688739139
 0.00034111859469208308
 0.00064678441898628747
 0.00040896708317633842
 0.00059867302846271361
 0.00040896708317633842
 0.00055956553230118852
 0.00041098625866516032
 0.0004665421127515187
 0.00041098625866516032
 0.00146341804185557
 0.00034111859469208308
 0.0031666009213658806
 0.00067497781406557038
 0.00040896708317633842
 0.00078267439350416526
 0.00040896708317633842
 0.00070975780612457886
 0.0018228299850719931
 0.00039910875578973723
 0.00041098625866516043
 0.00041064299883206059
 0.00043717400596880566
 0.00034111859469208308
 0.00051358710235748092
 0.00046897641976281469
 0.001273468570015326
 0.0013522021055472353
 0.00051358710235748092
 0.00041098625866516054
 0.00043697602015580508
 0.00034111859469208308
 0.00041098625866516043
 0.00039910875578973723
 0.00039910875578973723
 0.00046695724427399258
 0.00039910875578973723
 0.00046695724427399258
 0.0013355105329481297
 0.00064955982761804004
 0.00034111859469208308
 0.00039910875578973723
 0.0016876331277652242
 0.00042795775224653294
 0.00042321723680893892
 0.00039910875578973723
 0.00053216340268544542
 0.00041064299883206059
 0.0007638017650551858
 0.00042695198787859231
 0.00034111859469208308
 0.00039910875578973723
 0.00041098625866516054
 0.00039910875578973723
 0.00041098625866516054
 0.00085299965824255758
 0.0026082803499298131
 0.00080297048565118156
 0.00034111859469208308
 0.00055031997260658898
 0.00052388949802865254
 0.00039910875578973723
 0.00034111859469208308
 0.00034111859469208308
 0.00057933939462593783
 0.00061654885684935272
 0.00034111859469208308
 0.00039910875578973723
 0.00034111859469208308
 0.00043588562173053625
 0.00034111859469208308
 0.00039910875578973723
 0.00034111859469208308
 0.00039910875578973723
 0.00039910875578973723
 0.00039910875578973723
 0.00051058160175617654
 0.002793630609602177
 0.00049759422777743729
 0.00034111859469208308
 0.00034111859469208308
 0.00066758232925714087
 0.001626978763132444
 0.00039910875578973723
 0.00062220815593752436
 0.00039910875578973723
 0.00067629053171135471
 0.00047392020840746014
 0.00055745310022619482
 0.00050359337708156453
 0.00052758706227429991
 0.00034111859469208308
 0.00049082370047483562
 0.0004599101712402852
 0.00041092790449353335
 0.00048834981470291712
 0.00047883474714941648
 0.0020066438891587226
 0.00046603688656443181
 0.00040896708317633842
 0.00048494214897624647
 0.00069305350817196567
 0.00039910875578973723
 0.00039910875578973723
 0.00039910875578973723
 0.0016395303283395235
 0.00034111859469208308
 0.00039910875578973723
 0.00069795280662214901
 0.00055758408176766465
 0.00041098625866516032
 0.00041098625866516043
 0.00034111859469208308
 0.00045684178245542411
 0.00039910875578973723
 0.00047030907558543702
 0.00059683424483354609
 0.0005440939606555222
 0.00044301267116012043
 0.00039910875578973723
 0.00039910875578973723
 0.00044650837168474546
 0.00039910875578973723
 0.00034111859469208308
 0.00041098625866516043
 0.00041098625866516043
 0.00039910875578973723
 0.00041098625866516032
 0.00039910875578973723
 0.00050377534493618187
 0.00040896708317633842
 0.00040896708317633842
 0.00052494740537164673
 0.0004665421127515187
 0.00040896708317633842
 0.00034111859469208308
 0.00039910875578973723
 0.00039910875578973723
 0.00048492892225854739
 0.00061680362639210916
 0.00039910875578973723
 0.00040896708317633842
 0.000515465554581633
 0.00039910875578973723
 0.00039910875578973723
 0.00034111859469208308
 0.0007899113803407923
 0.00044363433522814222
 0.00034111859469208308
 0.00060593420015375818
 0.00039910875578973723
 0.0037101560334445727
 0.00049036899019173929
 0.00041098625866516032
 0.00058228122349031786
 0.00041098625866516043
 0.00041098625866516043
 0.00039910875578973723
 0.00041882541056293966
 0.00034111859469208308
 0.0013891043822819166
 0.00070500918380404884
 0.00077794975258639663
 0.00039910875578973723
 0.00049285602517851743
 0.00039910875578973723
 0.0007231816593187651
 0.00040896708317633842
 0.00039910875578973723
 0.00055072158661131497
 0.00044147277803088526
 0.00039910875578973723
 0.00041098625866516043
 0.00039910875578973723
 0.00047096489475146469
 0.00034111859469208308
 0.00072503918553794137
 0.0010029852665464759
 0.00039910875578973723
 0.00039910875578973723
 0.00039910875578973723
 0.00041098625866516043
 0.00042695198787859231
 0.00048085392263823756
 0.00055626677431685004
 0.00039910875578973723
 0.00041098625866516043
 0.00056439802048024372
 0.0022972308662166708
 0.00039910875578973723
 0.00083010316490167229
 0.00043272884781374825
 0.0022675512944246028
 0.00049511280741208199
 0.0010460436124628204
 0.0029896526322008461
 0.00039910875578973723
 0.00039910875578973723
 0.00034111859469208308
 0.00039910875578973723
 0.00049530295449260321
 0.00039910875578973723
 0.00034111859469208308
 0.00075832434961822434
 0.000422177241874384
 0.00034111859469208308
 0.00039910875578973723
 0.00034111859469208308
 0.00039910875578973723
 0.00039910875578973723
 0.00034111859469208308
 0.00043748681269099952
 0.00034111859469208308
 0.00039910875578973723
 0.00042695198787859231
 0.00060256791210853153
 0.00041098625866516054
 0.00034111859469208308
 0.00054393807444184125
 0.00034111859469208308
 0.00045709891688739139
 0.00046897641976281469
 0.00042845724075122064
 0.00044691215176416492
 0.00044042011986920935
 0.00039910875578973723
 0.0016376342074395686
 0.00039910875578973723
 0.00057159245000438933
 0.00041098625866516032
 0.00045709891688739139
 0.00039910875578973723
 0.00039910875578973723
 0.0026587294620851677
 0.00039910875578973723
 0.00039910875578973723
 0.00045709891688739139
 0.00039910875578973723
 0.00039910875578973723
 0.00097590090491030113
 0.00046897641976281448
 0.00039910875578973723
 0.00039910875578973723
 0.00041098625866516054
 0.00045522128388391872
 0.00041540451811856993
 0.00041098625866516043
 0.00039910875578973723
 0.00045709891688739139
 0.00034111859469208308
 0.00041098625866516043
 0.0021518737457154121
 0.00039910875578973723
 0.00043272884781374825
 0.00052616320322500286
 0.00069708771595117735
 0.00034111859469208308
 0.00040896708317633842
 0.00039910875578973723
 0.00039910875578973723
 0.00094109834338644528
 0.00041098625866516043
 0.0014325336771300495
 0.00039910875578973723
 0.00039910875578973723
 0.00039910875578973723
 0.00042845724075122064
 0.00039910875578973723
 0.00098063499012400316
 0.00039910875578973723
 0.00088869952983719426
 0.00045359071339402097
 0.00046695724427399258
 0.00058670358960417933
 0.00047070221077890169
 0.00039910875578973723
 0.000415491352849553
 0.00046695724427399258
 0.0022831449823853731
 0.00039910875578973723
 0.00041271204968124753
 0.00061575806860854267
 0.00034111859469208308
 0.00046695724427399258
 0.00042808734335566785
 0.00043481016370715704
 0.00039910875578973723
 0.00041098625866516043
 0.00065464400463630405
 0.00039910875578973723
 0.00058127129220786615
 0.00047070221077890169
 0.00056094111205992224
 0.00062372588157409595
 0.00041098625866516043
 0.00059447180951162425
 0.00034111859469208308
 0.0010793931046075996
 0.00052624864658522849
 0.00046695724427399258
 0.00086839814121113007
 0.0027598797067122051
 0.011185308496345995
 0.00071237308066110885
 0.00039910875578973723
 0.00047105568604725688
 0.00039910875578973723
 0.00034111859469208308
 0.00039910875578973723
 0.00034111859469208308
 0.00034111859469208308
 0.00034111859469208308
 0.00044629731078194273
 0.0010146099659685414
 0.00048857102570922612
 0.00039910875578973723
 0.00039910875578973723
 0.00039910875578973723
 0.0005608732984706509
 0.00034111859469208308
 0.00065587685095305423
 0.00068601510121065802
 0.00042413806319157899
 0.00043250995667237893
 0.00039910875578973723
 0.0016302259233950797
 0.00041098625866516043
 0.00059031872552236554
 0.00072918245046139332
 0.0007294135574166308
 0.00034111859469208308
 0.0017516702247286362
 0.00070382148506704814
 0.00070404759953082122
 0.00034111859469208308
 0.00043042159407063205
 0.0051607499007035049
 0.00034111859469208308
 0.00050052070205107522
 0.00041064299883206059
 0.00034111859469208308
 0.00034111859469208308
 0.00039910875578973723
 0.0016392700846238938
 0.00068445175759938653
 0.00045036734620637202
 0.00064707743755374597
 0.00034111859469208308
 0.00041271204968124753
 0.00090242825853908374
 0.00039910875578973723
 0.00041098625866516043
 0.00041098625866516043
 0.0010662687246513526
 0.00039910875578973723
 0.00064465007460413437
 0.00034111859469208308
 0.00034111859469208308
 0.00039910875578973723
 0.0055762683891937437
 0.00039910875578973723
 0.0015954597746969442
 0.00034111859469208308
 0.00039910875578973723
 0.0010227800846587952
 0.00034111859469208308
 0.00039910875578973723
 0.00099910830621683083
 0.0068634202482975564
 0.0005174716871679633
 0.00039910875578973723
 0.00039910875578973723
 0.0036723823513366053
 0.00039910875578973723
 0.00045709891688739139
 0.00047337005263177055
 0.0010978234944160308
 0.00048257971365432467
 0.0033066559743323391
 0.00039910875578973723
 0.00269540236440159
 0.00039910875578973723
 0.00045709891688739139
 0.00039910875578973723
 0.00041098625866516043
 0.00039910875578973723
